255 255 255
53 53 53
49 49 49
186 186 186
51 51 51
54 54 54
187 187 187
83 83 83
50 51 52
251 251 251
52 52 52
56 56 56
252 252 252
99 140 156
140 173 247
190 190 190
55 55 55
82 83 84
189 189 189
51 52 53
49 50 50
132 132 115
50 50 50
57 57 57
254 254 254
81 81 81
49 50 51
81 82 83
253 253 253
83 84 84
54 54 53
84 84 84
82 82 82
255 181 148
52 51 50
140 140 140
51 50 50
214 99 66
211 98 66
51 49 49
84 82 81
247 247 173
214 198 90
51 51 49
189 165 66
115 115 115
84 83 82
181 132 90
83 82 81
247 231 41
84 84 83
51 50 49
83 83 81
148 115 82
50 49 49
82 82 83
186 186 178
206 214 214
50 50 51
121 121 121
123 123 123
198 198 198
83 83 84
99 99 99
122 122 122
51 50 51
239 115 156
51 52 52
85 85 85
83 82 83
156 123 214
84 83 83
83 82 82
188 188 188
247 222 66
222 247 255
165 198 255
247 231 90
54 53 52
52 51 51
82 83 81
49 50 49
99 99 90
50 50 49
82 83 82
84 84 81
156 206 74
50 51 50
83 83 82
107 107 107
106 106 106
156 107 148
84 82 83
247 247 41
52 51 48
247 99 82
83 81 81
189 198 198
50 51 51
189 231 255
198 173 49
211 98 65
254 252 252
84 82 82
82 83 83
84 84 82
222 222 222
51 51 50
189 189 181
107 107 99
187 187 179
253 253 252
82 82 81
43 43 43
48 48 48
148 132 115
189 165 90
82 66 74
131 131 131
44 44 44
247 140 66
247 231 132
148 247 74
50 51 49
114 114 114
113 113 113
74 123 206
82 156 247
49 49 50
115 206 255
148 214 255
51 52 51
247 132 90
52 50 49
255 222 49
52 51 49
84 83 81
79 162 0
115 115 107
115 198 255
156 214 255
247 148 41
197 197 197
148 123 206
231 222 239
158 17 111
49 49 51
82 82 84
247 173 123
52 52 50
50 49 50
123 99 181
51 49 50
81 82 82
0 128 107
115 132 140
55 53 52
52 50 50
132 132 132
52 49 49
132 198 255
49 50 52
50 50 52
123 107 173
247 222 99
156 140 214
169 216 90